name: virtual_platform
channels:
  - peterjc123
  - menpo
  - conda-forge
  - defaults
dependencies:
  - astroid=1.5.3=py35_0
  - bleach=1.5.0=py35_0
  - ca-certificates=2018.8.24=ha4d7672_0
  - certifi=2016.2.28=py35_0
  - cffi=1.10.0=py35_0
  - chardet=3.0.4=py35_0
  - colorama=0.3.9=py35_0
  - decorator=4.1.2=py35_0
  - docutils=0.14=py35_0
  - ffmpeg=3.2.4=1
  - freetype=2.7=vc14_1
  - html5lib=0.9999999=py35_0
  - imageio=2.2.0=py35_0
  - imagesize=0.7.1=py35_0
  - ipykernel=4.6.1=py35_0
  - ipython=6.1.0=py35_0
  - ipython_genutils=0.2.0=py35_0
  - jinja2=2.9.6=py35_0
  - jpeg=9b=vc14_0
  - jupyter_client=5.1.0=py35_0
  - jupyter_core=4.3.0=py35_0
  - lazy-object-proxy=1.3.1=py35_0
  - libflang=5.0.0=vc14_20180208
  - libtiff=4.0.6=vc14_7
  - llvm-meta=5.0.0=0
  - markupsafe=1.0=py35_0
  - mistune=0.7.4=py35_0
  - nbformat=4.4.0=py35_0
  - numpydoc=0.7.0=py35_0
  - olefile=0.44=py35_0
  - openblas=0.2.20=vc14_8
  - openmp=5.0.0=vc14_1
  - openssl=1.0.2l=vc14_0
  - pandocfilters=1.4.2=py35_0
  - pickleshare=0.7.4=py35_0
  - pillow=4.2.1=py35_0
  - pip=9.0.1=py35_1
  - prompt_toolkit=1.0.15=py35_0
  - psutil=5.2.2=py35_0
  - pycodestyle=2.3.1=py35_0
  - pycparser=2.18=py35_0
  - pyflakes=1.6.0=py35_0
  - pygments=2.2.0=py35_0
  - pyqt=5.6.0=py35_2
  - python=3.5.4=0
  - python-dateutil=2.6.1=py35_0
  - pytz=2017.2=py35_0
  - pyzmq=16.0.2=py35_0
  - qtawesome=0.4.4=py35_0
  - qtconsole=4.3.1=py35_0
  - qtpy=1.3.1=py35_0
  - singledispatch=3.4.0.3=py35_0
  - sip=4.18=py35_0
  - six=1.10.0=py35_1
  - snowballstemmer=1.2.1=py35_0
  - sphinx=1.6.3=py35_0
  - sphinxcontrib-websupport=1.0.1=py35_0
  - spyder=3.2.3=py35_0
  - testpath=0.3.1=py35_0
  - tornado=4.5.2=py35_0
  - traitlets=4.3.2=py35_0
  - typing=3.6.6=py35_0
  - vc=14=0
  - vs2015_runtime=14.0.25420=0
  - wcwidth=0.1.7=py35_0
  - webencodings=0.5.1=py_1
  - wheel=0.29.0=py35_0
  - win_unicode_console=0.5=py35_0
  - wincertstore=0.2=py35_0
  - wrapt=1.10.11=py35_0
  - zlib=1.2.11=vc14_0
  - alabaster=0.7.10=py35_0
  - babel=2.5.0=py35_0
  - blas=1.0=mkl
  - entrypoints=0.2.3=py35_0
  - icc_rt=2017.0.4=h97af966_0
  - icu=57.1=vc14_0
  - intel-openmp=2019.0=118
  - isort=4.2.15=py35_0
  - jedi=0.10.2=py35_2
  - jsonschema=2.6.0=py35_0
  - libpng=1.6.30=vc14_1
  - mkl=2019.0=118
  - mkl_fft=1.0.6=py35hdbbee80_0
  - mkl_random=1.0.1=py35h77b88f5_1
  - nbconvert=5.2.1=py35_0
  - numpy=1.15.2=py35ha559c80_0
  - numpy-base=1.15.2=py35h8128ebf_0
  - path.py=10.3.1=py35_0
  - pylint=1.7.2=py35_0
  - qt=5.6.2=vc14_6
  - requests=2.14.2=py35_0
  - rope=0.9.4=py35_1
  - setuptools=36.4.0=py35_1
  - simplegeneric=0.8.1=py35_1
  - sphinxcontrib=1.0=py35_0
  - opencv3=3.1.0=py35_0
  - pytorch=0.3.1=py35_cuda80_cudnn6he774522_2
  - pip:
    - rope-py3k==0.9.4.post1
    - torch==0.3.1.post2
prefix: C:\Users\nacho\Anaconda3\envs\virtual_platform

